id,name,email,age
1,田中太郎,tanaka@example.com,30
2,鈴木花子,suzuki@example.com,25
3,佐藤一郎,sato@example.com,35
4,山田次郎,yamada@example.com,28
